op1Code	op2Code	op4Code	op5Code	seqOp1	seqOp2	seqOp4	seqOp5	strategyOp1	strategyOp2	strategyOp4	strategyOp5	probOp11	probOp12	probOp13	probOp21	probOp22	probOp23	probOp41	probOp42	probOp43	probOp51	probOp52	probOp53

0 0 1 1 1 0 0 1 1 1 0 0 0.3333333333333333 0.3333333333333333 0.3333333333333333 NaN NaN NaN 0.0 0.0 1.0 1.0 0.0 0.0
1 1 0 0 1 0 0 1 0 0 0 0 1.0 0.0 0.0 NaN NaN NaN 0.5 0.0 0.5 0.5 0.5 0.0
0 0 1 0 1 1 0 0 1 1 1 0 1.0 0.0 0.0 0.0 0.0 1.0 0.0 1.0 0.0 0.0 0.0 1.0
1 1 1 1 1 0 0 0 0 1 0 0 0.0 0.0 1.0 NaN NaN NaN 0.3333333333333333 0.3333333333333333 0.3333333333333333 0.0 0.5 0.5
0 0 0 0 0 0 1 0 1 0 1 0 0.3333333333333333 0.3333333333333333 0.3333333333333333 0.3333333333333333 0.3333333333333333 0.3333333333333333 0.3333333333333333 0.3333333333333333 0.3333333333333333 0.5 0.0 0.5
1 1 0 0 1 1 1 1 0 0 0 0 0.0 0.5 0.5 1.0 0.0 0.0 0.0 0.5 0.5 0.5 0.5 0.0
1 1 0 1 1 0 0 1 1 1 1 1 0.0 0.0 1.0 0.0 0.0 1.0 0.5 0.5 0.0 0.5 0.0 0.5
1 0 1 0 1 0 0 0 0 1 0 1 0.0 0.5 0.5 NaN NaN NaN 0.5 0.5 0.0 0.0 0.5 0.5
1 0 0 1 1 0 0 1 1 0 1 0 NaN NaN NaN 0.0 0.0 1.0 0.5 0.5 0.0 0.3333333333333333 0.3333333333333333 0.3333333333333333
0 1 0 1 1 1 1 1 0 1 1 1 0.0 0.0 1.0 0.0 0.5 0.5 1.0 0.0 0.0 1.0 0.0 0.0
0 1 0 1 1 0 0 1 0 1 0 1 0.0 0.5 0.5 1.0 0.0 0.0 0.5 0.0 0.5 0.0 0.0 1.0
1 1 0 1 0 1 0 0 0 1 0 1 0.0 0.5 0.5 0.3333333333333333 0.3333333333333333 0.3333333333333333 0.3333333333333333 0.3333333333333333 0.3333333333333333 0.5 0.5 0.0
0 0 1 0 0 0 1 0 1 1 1 0 1.0 0.0 0.0 0.5 0.5 0.0 0.5 0.0 0.5 1.0 0.0 0.0
0 0 0 1 0 0 1 0 0 1 0 1 0.5 0.5 0.0 0.0 1.0 0.0 0.0 0.0 1.0 0.0 0.0 1.0
1 0 1 1 0 0 1 1 1 0 1 1 1.0 0.0 0.0 0.5 0.0 0.5 0.5 0.0 0.5 0.3333333333333333 0.3333333333333333 0.3333333333333333
1 0 1 0 1 1 1 0 1 1 1 1 0.5 0.5 0.0 0.0 0.5 0.5 0.0 0.0 1.0 0.0 1.0 0.0
0 1 0 1 1 1 1 0 1 0 1 1 0.3333333333333333 0.3333333333333333 0.3333333333333333 0.0 0.0 1.0 0.0 0.5 0.5 0.5 0.5 0.0
1 0 1 0 1 0 1 1 0 1 1 1 0.5 0.5 0.0 0.5 0.5 0.0 0.5 0.5 0.0 0.0 0.0 1.0
0 1 0 1 1 0 1 1 1 0 0 0 NaN NaN NaN 0.3333333333333333 0.3333333333333333 0.3333333333333333 0.0 0.0 1.0 0.5 0.0 0.5
0 1 0 1 1 1 0 1 1 0 1 1 0.5 0.0 0.5 0.0 1.0 0.0 1.0 0.0 0.0 NaN NaN NaN
1 0 0 0 0 0 1 1 1 0 0 0 0.0 0.0 1.0 0.0 1.0 0.0 0.5 0.5 0.0 0.0 0.0 1.0
1 0 0 1 0 1 0 0 0 1 0 1 0.0 1.0 0.0 1.0 0.0 0.0 0.0 1.0 0.0 0.5 0.5 0.0
0 1 0 0 0 1 1 0 0 0 0 0 0.5 0.5 0.0 0.3333333333333333 0.3333333333333333 0.3333333333333333 0.5 0.5 0.0 0.5 0.5 0.0
0 0 1 1 1 0 0 0 0 0 0 1 0.0 0.0 1.0 0.0 0.5 0.5 NaN NaN NaN NaN NaN NaN
0 1 1 0 0 0 1 1 0 0 1 1 0.0 0.5 0.5 0.0 0.5 0.5 0.0 0.0 1.0 0.5 0.0 0.5
0 1 0 0 1 1 1 1 1 1 0 1 NaN NaN NaN 1.0 0.0 0.0 0.5 0.5 0.0 1.0 0.0 0.0
1 0 1 0 0 1 1 1 0 1 1 0 0.5 0.0 0.5 0.0 0.5 0.5 0.0 1.0 0.0 0.3333333333333333 0.3333333333333333 0.3333333333333333
0 0 0 1 0 0 1 0 0 1 1 1 0.0 0.0 1.0 NaN NaN NaN NaN NaN NaN 0.5 0.0 0.5
1 0 1 0 0 1 1 0 0 0 1 0 1.0 0.0 0.0 NaN NaN NaN 0.0 0.0 1.0 0.0 0.5 0.5
0 1 1 1 0 1 0 0 0 1 0 1 0.5 0.0 0.5 0.3333333333333333 0.3333333333333333 0.3333333333333333 NaN NaN NaN 0.5 0.5 0.0
0 1 0 1 1 1 1 0 0 0 0 0 0.3333333333333333 0.3333333333333333 0.3333333333333333 NaN NaN NaN NaN NaN NaN 0.5 0.0 0.5
0 1 0 0 0 0 1 0 0 0 0 0 0.5 0.0 0.5 0.0 0.0 1.0 0.5 0.0 0.5 0.0 0.0 1.0
0 0 0 1 1 1 1 0 1 0 0 0 0.5 0.5 0.0 0.5 0.5 0.0 NaN NaN NaN 0.3333333333333333 0.3333333333333333 0.3333333333333333
0 1 0 0 1 0 1 1 1 1 1 1 0.5 0.5 0.0 0.5 0.0 0.5 0.0 0.5 0.5 0.0 0.0 1.0
0 0 1 1 0 1 0 0 0 0 0 0 1.0 0.0 0.0 0.3333333333333333 0.3333333333333333 0.3333333333333333 0.5 0.0 0.5 0.0 1.0 0.0
1 0 1 0 1 1 1 1 0 1 1 1 0.5 0.5 0.0 0.0 0.5 0.5 1.0 0.0 0.0 0.0 1.0 0.0
1 1 1 1 1 1 0 1 0 1 1 1 1.0 0.0 0.0 0.5 0.5 0.0 0.5 0.5 0.0 1.0 0.0 0.0
1 0 1 1 0 1 0 0 0 1 0 0 0.0 0.5 0.5 0.0 1.0 0.0 0.5 0.0 0.5 0.5 0.0 0.5
0 1 0 1 0 1 0 0 1 1 1 0 0.0 0.5 0.5 0.0 0.5 0.5 0.0 1.0 0.0 NaN NaN NaN
1 0 0 0 0 1 0 1 1 0 0 0 0.0 0.5 0.5 NaN NaN NaN 0.5 0.5 0.0 0.0 0.0 1.0
