P=? [ F "success" ]	R=? [ F "done" ]
0.7963	36.9654
-0.0	0.0
0.9199	41.5273
0.992	42.102
-0.0	0.0
0.8949	41.3912
0.9822	41.9693
0.8428	37.2778
-0.0	0.0
0.9771	41.6276
-0.0	0.0
0.6735	34.4624
0.995	42.1453
0.616	32.5967
-0.0	0.0
0.8878	40.4474
0.981	41.7335
-0.0	0.0
0.9999	42.1714
0.6735	34.4624
0.751	35.9569
0.9906	42.0775
0.8428	37.2778
0.8835	40.4393
0.7963	36.9654
0.616	32.5967
0.8925	41.1361
0.8309	37.0546
0.9975	42.1538
-0.0	0.0
0.8328	37.2751
0.848	37.414
0.9199	41.5273
0.8878	40.4474
0.616	32.5967
0.616	32.5967
0.9199	41.5273
