worker2_maxRetry_t1l4	worker2_maxRetry_t3l4	worker2_maxRetry_t1l7	worker2_maxRetry_t3l7	worker2_maxRetry_t3l9	worker2_maxRetry_t1l6b	worker2_maxRetry_t1l6a	r1_maxRetry_t2l5	r1_maxRetry_t2l8a	r1_maxRetry_t2l8b

3 1 4 2 4 5 5 3 3 9 
4 3 2 4 1 1 3 4 4 6 
5 5 4 4 1 5 3 6 6 3 
5 5 4 2 5 5 5 5 2 2 
1 2 2 1 4 5 3 7 9 6 
2 2 4 2 5 3 3 3 1 9 
3 4 2 4 3 2 3 4 2 4 
1 3 2 4 5 4 4 3 6 8 
1 3 3 2 1 5 5 7 1 8 
3 2 2 4 3 4 3 9 6 4 
5 4 2 1 1 1 5 10 1 4 
3 1 1 4 2 2 5 7 9 6 
3 5 3 5 2 4 3 7 2 10 
1 1 3 4 1 2 2 9 4 6 
5 4 1 2 1 2 2 8 7 2 
4 4 5 1 2 5 3 5 6 4 
5 2 4 2 5 3 5 8 5 3 
5 4 4 5 2 5 4 3 10 4 
4 5 4 3 5 3 5 8 5 3 
3 1 1 4 2 4 2 5 2 2 
1 5 3 1 5 2 5 5 5 8 
3 5 3 2 2 4 3 7 2 10 
1 3 2 4 5 4 4 3 6 8 
4 5 3 1 5 2 5 3 3 9 
3 1 4 2 4 5 5 5 5 8 
1 1 2 4 3 4 3 9 6 4 
3 2 3 4 1 2 2 9 4 6 
1 2 4 2 5 5 5 5 2 2 
4 4 5 4 2 5 3 5 6 7 
1 4 4 4 1 4 3 10 7 1 
1 3 2 4 5 4 2 5 2 2 
1 4 4 4 2 4 4 3 6 8 
5 5 4 4 1 5 3 6 6 3 
4 4 5 1 2 5 3 5 6 4 
1 4 2 4 3 2 3 4 2 4 
1 1 3 4 1 2 2 9 4 6 
5 5 4 4 1 5 3 6 6 3 
